1 0.10053333333333334 0.20548936170212764 0.11137777777777777 0.29414893617021276
1 0.24415555555555557 0.20625531914893616 0.0956 0.29570212765957443
1 0.37626666666666664 0.20704255319148937 0.09313333333333333 0.2972553191489362
1 0.5602888888888888 0.1408723404255319 0.1743111111111111 0.1726595744680851
1 0.7370444444444445 0.12925531914893618 0.144 0.14942553191489363
1 0.8988444444444444 0.13197872340425532 0.14033333333333334 0.14710638297872342
1 0.8956222222222222 0.3724468085106383 0.13386666666666666 0.29148936170212764
1 0.761888888888889 0.2975744680851064 0.0846 0.16882978723404254
1 0.5823111111111111 0.30859574468085105 0.24662222222222224 0.14057446808510637
1 0.1580888888888889 0.5030212765957447 0.2386222222222222 0.21608510638297873
1 0.41444444444444445 0.5072765957446809 0.24626666666666666 0.2323404255319149
1 0.6734222222222223 0.5091702127659574 0.24586666666666668 0.23580851063829786
1 0.8960222222222222 0.7285957446808511 0.14275555555555555 0.33455319148936175
1 0.1566888888888889 0.7769361702127661 0.2479111111111111 0.23782978723404255
1 0.41444444444444445 0.777723404255319 0.24626666666666666 0.23938297872340428
1 0.6711777777777778 0.7742340425531915 0.24662222222222224 0.24014893617021277