1 0.8383244680851063 0.5730425531914893 0.23952127659574468 0.1936595744680851
1 0.525 0.5801914893617022 0.2511968085106383 0.2041063829787234
1 0.1722872340425532 0.5914255319148937 0.33393617021276595 0.2652553191489362
1 0.3192553191489362 0.8583829787234043 0.4538031914893617 0.1956808510638298
1 0.8163297872340426 0.8291702127659574 0.2873936170212766 0.24172340425531916
1 0.9100531914893617 0.22482978723404257 0.1798936170212766 0.33285106382978724
1 0.6973936170212767 0.19563829787234044 0.18492021276595744 0.39125531914893613
1 0.5151063829787235 0.2093617021276596 0.1201595744680851 0.3792765957446808
1 0.354813829787234 0.2093617021276596 0.12356382978723404 0.3792765957446808
1 0.19768617021276597 0.22657446808510637 0.10909574468085108 0.3169787234042553
1 0.05577127659574468 0.22638297872340427 0.11055851063829787 0.32046808510638297