1 0.8405769230769231 0.7553131908621961 0.31884615384615383 0.3234414148857775
1 0.20145384615384615 0.05438467207074429 0.40213076923076924 0.1006632277081798
1 0.5871923076923077 0.055305821665438466 0.22746923076923076 0.11061164333087693
1 0.8915923076923077 0.10322033898305084 0.20933846153846153 0.2064406779661017
1 0.8944230769230769 0.3779439941046426 0.21115384615384616 0.20246131171702286
1 0.17279999999999998 0.7680250552689757 0.33329230769230767 0.33044952100221076
1 0.5110461538461538 0.8617980840088431 0.22901538461538465 0.11636698599852616
1 0.5043076923076923 0.2601989683124539 0.3963153846153846 0.11067059690493737
1 0.5043076923076923 0.4188430361090641 0.3963153846153846 0.10002947678703022
1 0.113 0.4599410464259396 0.22523846153846155 0.1859027266028003
1 0.11626923076923078 0.2476713338246131 0.22793076923076924 0.18879145173176123