1 0.520685393258427 0.7695428571428571 0.03584269662921348 0.24971428571428572
1 0.1358314606741573 0.7986285714285714 0.1323258426966292 0.20400000000000001
1 0.3368426966292135 0.8334285714285714 0.1438876404494382 0.2216857142857143
1 0.7021797752808989 0.762257142857143 0.05358426966292135 0.3598571428571429
1 0.5643932584269663 0.7651142857142857 0.04156179775280899 0.24608571428571427
1 0.6121910112359551 0.767457142857143 0.03910112359550561 0.28714285714285714
1 0.6575393258426967 0.7724 0.03991011235955057 0.34377142857142856
1 0.3380561797752809 0.26037142857142853 0.08734831460674157 0.29114285714285715
1 0.38433707865168537 0.2613714285714286 0.10814606741573034 0.3094571428571429
1 0.05974157303370787 0.37465714285714286 0.08024719101123595 0.10414285714285715
1 0.05279775280898877 0.49651428571428574 0.06635955056179775 0.1348285714285714
1 0.14042696629213483 0.4926 0.0822808988764045 0.14262857142857144
1 0.3286629213483146 0.49702857142857143 0.060393258426966294 0.16702857142857144
1 0.37319101123595505 0.5014285714285714 0.05956179775280899 0.1706857142857143
1 0.14359550561797751 0.3572571428571429 0.08248314606741573 0.12645714285714285
1 0.21324719101123596 0.2998571428571429 0.046112359550561796 0.14151428571428573
1 0.2477752808988764 0.4326 0.07838202247191012 0.07974285714285714
1 0.266561797752809 0.3048 0.05059550561797753 0.17737142857142857
1 0.5116966292134831 0.12737142857142858 0.042382022471910114 0.14977142857142858
1 0.5599999999999999 0.1356857142857143 0.03889887640449438 0.1664
1 0.5978988764044944 0.11671428571428571 0.043191011235955055 0.15445714285714288
1 0.6406966292134831 0.1263142857142857 0.03276404494382022 0.12691428571428573
1 0.6779662921348314 0.12217142857142857 0.03173033707865169 0.1394
1 0.6652134831460674 0.3414285714285714 0.057123595505617984 0.24545714285714285
1 0.5284382022471911 0.34322857142857144 0.05953932584269663 0.23348571428571427
1 0.598 0.3375142857142857 0.05768539325842697 0.21168571428571428
1 0.7997191011235955 0.7934285714285714 0.0872808988764045 0.2144
1 0.8621235955056179 0.6276857142857143 0.05887640449438202 0.16342857142857142
1 0.8862359550561798 0.8399428571428572 0.08902247191011237 0.2086857142857143
1 0.9406741573033708 0.6653714285714286 0.06391011235955056 0.15045714285714284
1 0.915438202247191 0.25205714285714287 0.059202247191011234 0.14982857142857142
1 0.7869550561797752 0.11437142857142857 0.05561797752808989 0.13419999999999999
1 0.7823595505617977 0.2645142857142857 0.05664044943820224 0.13319999999999999
1 0.8466966292134831 0.2593142857142857 0.058674157303370784 0.1436
1 0.849561797752809 0.10942857142857142 0.056224719101123595 0.1399142857142857
1 0.9128876404494383 0.10605714285714285 0.06029213483146067 0.13834285714285716
6 0.31702247191011235 0.7152285714285714 0.09021348314606742 0.12554285714285712
6 0.2482808988764045 0.7448571428571428 0.020157303370786517 0.11202857142857144
6 0.09048314606741573 0.757057142857143 0.0988314606741573 0.20400000000000001
6 0.19855056179775282 0.7388857142857144 0.03232584269662921 0.15722857142857144
1 0.06678651685393258 0.15202857142857143 0.035101123595505615 0.10042857142857142
1 0.11203370786516853 0.18451428571428571 0.03775280898876405 0.1394
1 0.16820224719101123 0.16737142857142856 0.03978651685393258 0.09471428571428571