1 0.8275 0.171875 0.20166666666666666 0.178125
1 0.8366666666666667 0.403125 0.19666666666666666 0.196875
1 0.7875 0.715625 0.28833333333333333 0.30625
1 0.5091666666666667 0.79296875 0.225 0.1078125
1 0.5025 0.6328125 0.18833333333333332 0.171875
1 0.5116666666666667 0.42734375 0.37 0.1015625
1 0.5125 0.30234375 0.37833333333333335 0.1046875
1 0.5775 0.1375 0.23166666666666666 0.121875
1 0.23333333333333334 0.1359375 0.36666666666666664 0.10625
1 0.1775 0.290625 0.225 0.15
1 0.17333333333333334 0.46328125 0.21666666666666667 0.1515625
1 0.215 0.715625 0.3333333333333333 0.275