1 0.08 0.0772127659574468 0.16 0.1544468085106383
1 0.5029111111111111 0.0764468085106383 0.3181555555555555 0.1528936170212766
1 0.9174222222222221 0.08051063829787235 0.16133333333333333 0.16025531914893615
1 0.25 0.2403191489361702 0.31335555555555555 0.30189361702127654
1 0.0777111111111111 0.474 0.15055555555555555 0.2895957446808511
1 0.5045333333333333 0.4798085106382979 0.30522222222222223 0.3089361702127659
1 0.7534 0.238 0.28580000000000005 0.2817872340425532
1 0.9244444444444444 0.4910212765957447 0.1511111111111111 0.2772127659574468
1 0.7491555555555556 0.7154255319148937 0.3136666666666667 0.3082340425531915
1 0.9214222222222221 0.8852765957446809 0.15717777777777778 0.14500000000000002
1 0.5015111111111111 0.8825531914893617 0.3112888888888889 0.1473191489361702
1 0.2524222222222222 0.7177446808510638 0.3182 0.29740425531914894
1 0.07751111111111111 0.875595744680851 0.1542 0.16434042553191489