1 0.15426666666666666 0.2184468085106383 0.17842222222222223 0.32395744680851063
1 0.3724222222222222 0.21672340425531914 0.1784 0.3243404255319149
1 0.7398666666666667 0.10489361702127659 0.40013333333333334 0.10840425531914895
1 0.7372444444444444 0.24765957446808512 0.3989111111111111 0.10768085106382978
1 0.7128 0.45485106382978724 0.11166666666666666 0.21646808510638296
1 0.8632888888888889 0.4563829787234043 0.11771111111111111 0.2195531914893617
1 0.43706666666666666 0.7895106382978724 0.22686666666666666 0.21268085106382978
1 0.1766888888888889 0.7912553191489361 0.22731111111111113 0.21229787234042555
1 0.17891111111111113 0.528936170212766 0.2358 0.19829787234042554
1 0.44937777777777776 0.5304893617021277 0.2313111111111111 0.20138297872340427
1 0.7774444444444445 0.7661063829787234 0.3217555555555555 0.3090212765957447