1 0.5063466666666666 0.17390992835209826 0.21749333333333334 0.3013766632548618
1 0.11685333333333334 0.1396417604912999 0.12297333333333334 0.043925281473899694
1 0.28732 0.13979017400204707 0.11013333333333332 0.04520470829068577
1 0.72168 0.13939611054247697 0.12518666666666667 0.04441658137154555
1 0.8891866666666667 0.13895598771750256 0.11413333333333332 0.04451381780962129
1 0.18658666666666665 0.5612589559877176 0.13937333333333332 0.05964687819856704
1 0.22297333333333333 0.7449744114636643 0.23266666666666666 0.06892016376663254
1 0.79204 0.7358290685772774 0.25308 0.10375639713408394
1 0.2510533333333333 0.9013766632548618 0.16832 0.10325997952917093
1 0.25667999999999996 0.9077175025588536 0.33340000000000003 0.0598618219037871
1 0.8076666666666666 0.9271545547594678 0.21770666666666666 0.04855168884339816
1 0.811 0.8950255885363357 0.20898666666666668 0.07973899692937564
1 0.75512 0.8943346980552712 0.21002666666666667 0.08032753326509724
1 0.63568 0.9050665301944729 0.15569333333333332 0.09588024564994882
1 0.6038933333333334 0.9199232343909928 0.11264 0.06852610030706244
1 0.5368666666666666 0.9429477993858751 0.0478 0.02011770726714432
1 0.73692 0.5870112589559877 0.41457333333333335 0.09442681678607984