1 0.24395384615384613 0.20782437745740498 0.4131846153846154 0.29956749672346
1 0.5796692307692308 0.2583748361730013 0.24505384615384615 0.19471821756225424
1 0.828023076923077 0.25557011795543905 0.24285384615384614 0.20034076015727395
1 0.8236230769230769 0.5420314547837484 0.24945384615384616 0.15539973787680209
1 0.5648384615384615 0.5411009174311927 0.2549461538461539 0.13854521625163826
1 0.22966923076923076 0.5083355176933159 0.38022307692307694 0.21905635648754912
1 0.1390076923076923 0.7966710353866318 0.19450769230769233 0.2864613368283093
1 0.3011 0.8313106159895151 0.1252769230769231 0.2171821756225426
1 0.4324153846153846 0.8350458715596331 0.13516153846153847 0.24339449541284405
1 0.6126384615384615 0.8088335517693316 0.1901076923076923 0.28833551769331583
1 0.775823076923077 0.8369200524246396 0.11868461538461537 0.22467889908256883
1 0.9033 0.8397247706422019 0.12746923076923078 0.21532110091743117