1 0.2328034188034188 0.6065641025641025 0.44765811965811964 0.36182905982905983
1 0.7233846153846154 0.27102564102564103 0.14382905982905983 0.10957264957264956
1 0.7665299145299146 0.3547863247863248 0.13904273504273504 0.10617094017094017
1 0.6594871794871795 0.3231623931623932 0.10017094017094018 0.11128205128205128
1 0.7404615384615385 0.44135042735042734 0.14673504273504273 0.12116239316239315
1 0.5644102564102564 0.6689572649572649 0.2390769230769231 0.2644102564102564
1 0.7103418803418804 0.6768547008547008 0.22750427350427352 0.25885470085470086
1 0.8611794871794872 0.6648888888888889 0.23005128205128209 0.252
1 0.8022051282051282 0.49755555555555553 0.12921367521367522 0.10107692307692308
1 0.8876752136752136 0.5428547008547009 0.09500854700854701 0.12331623931623932
1 0.6590598290598291 0.509948717948718 0.14205128205128204 0.11733333333333333
1 0.574034188034188 0.5599487179487179 0.10018803418803418 0.08912820512820513
11 0.3003247863247863 0.3451965811965812 0.18955555555555556 0.29635897435897435
11 0.5594871794871795 0.43964102564102564 0.3446153846153846 0.2203076923076923