1 0.7295625 0.3083125 0.38020312500000003 0.5963125
1 0.120234375 0.097515625 0.2240625 0.18643749999999998
1 0.356546875 0.095359375 0.220125 0.19073437499999998
1 0.1190625 0.29617187500000003 0.21390625000000002 0.189234375
1 0.353421875 0.295390625 0.21387499999999998 0.18765625
1 0.118484375 0.496984375 0.224453125 0.18459375
1 0.35928125 0.495234375 0.21778124999999998 0.184984375
1 0.352046875 0.687828125 0.222859375 0.187390625
1 0.11771875000000001 0.6985781249999999 0.2145625 0.19715625
1 0.11515625 0.89684375 0.22171875000000002 0.191359375
1 0.351078125 0.88884375 0.2248125 0.194859375
1 0.6073125 0.7737812500000001 0.122078125 0.218671875
1 0.8362031249999999 0.8593437500000001 0.133046875 0.19446875