2 0.744535864978903 0.4280827067669173 0.07845991561181434 0.13909774436090225
2 0.7065611814345992 0.544624060150376 0.06025316455696202 0.115
2 0.36793248945147683 0.33229323308270675 0.07141350210970464 0.10582706766917292
2 0.49251054852320675 0.35582706766917294 0.08516877637130801 0.12522556390977443
2 0.5812236286919831 0.361390977443609 0.06938818565400844 0.12048872180451127
2 0.3640506329113924 0.42015037593984966 0.07029535864978903 0.12327067669172932
2 0.3612658227848101 0.5070300751879699 0.0669831223628692 0.14266917293233083
2 0.38348101265822787 0.583609022556391 0.07584388185654009 0.15733082706766918
2 0.43343881856540084 0.6835714285714286 0.08251054852320674 0.17913533834586465
2 0.520253164556962 0.6485338345864662 0.06516877637130802 0.13518796992481202
2 0.5846624472573839 0.626578947368421 0.07848101265822785 0.16011278195488723
2 0.6566033755274262 0.6004511278195489 0.06248945147679325 0.15537593984962406
2 0.6283966244725738 0.36296992481203005 0.06381856540084388 0.07616541353383459
2 0.5823206751054852 0.2893609022556391 0.0660759493670886 0.055563909774436086
2 0.5411392405063291 0.26026315789473686 0.0529746835443038 0.10421052631578948
2 0.4778481012658228 0.284812030075188 0.06850210970464135 0.08996240601503759
2 0.42054852320675107 0.37842105263157894 0.06563291139240507 0.09909774436090225
2 0.43820675105485235 0.4555639097744361 0.06761603375527425 0.11890977443609022
2 0.45675105485232065 0.5545112781954887 0.07071729957805908 0.14270676691729323
2 0.5133755274261603 0.5244360902255639 0.07360759493670886 0.16169172932330828
2 0.595084388185654 0.5347368421052632 0.06827004219409283 0.13477443609022557
2 0.6126371308016877 0.45263157894736844 0.07225738396624473 0.12484962406015038
2 0.50915611814346 0.4413157894736842 0.06073839662447257 0.12206766917293232
2 0.6633755274261603 0.4359774436090226 0.07379746835443038 0.13909774436090225