2 0.16662447257383967 0.16529968454258676 0.33270042194092825 0.3305993690851735
2 0.4021097046413502 0.16470031545741326 0.0810970464135021 0.10776025236593059
2 0.43440928270042195 0.2179179810725552 0.11141350210970465 0.15905362776025236
2 0.5687552742616033 0.07889589905362776 0.08740506329113924 0.10577287066246058
2 0.5303797468354431 0.1816403785488959 0.08187763713080169 0.11801261829652995
2 0.6130590717299578 0.18025236593059937 0.08770042194092827 0.12709779179810726
2 0.7765400843881857 0.1189589905362776 0.18651898734177214 0.23709779179810725
2 0.9136708860759494 0.23744479495268137 0.1021097046413502 0.15473186119873816
2 0.8443037974683544 0.5038485804416404 0.17964135021097047 0.15517350157728707
2 0.17267932489451476 0.49697160883280755 0.160253164556962 0.20053627760252365
2 0.44772151898734175 0.8260883280757098 0.219789029535865 0.3027760252365931
2 0.41040084388185655 0.5480441640378548 0.15308016877637132 0.21198738170347003
2 0.499915611814346 0.5005047318611987 0.19763713080168777 0.26283911671924287
2 0.5949789029535865 0.49517350157728707 0.14251054852320674 0.2167192429022082
2 0.8277004219409282 0.8331545741324922 0.2571729957805907 0.23810725552050474